dict: 4
cameraMatrix: [610.5250244140625, 0.0, 317.6567687988281, 0.0, 609.246826171875, 234.63543701171875, 0.0, 0.0, 1.0]
cameraDistCoeffs: [0,0,0,0,0]
id: 0
